2 0.532986 0.524375 0.354167 0.226250
0 0.237847 0.351250 0.173611 0.130000
3 0.270833 0.513750 0.173611 0.140000
2 0.825521 0.682500 0.161458 0.122500
2 0.635417 0.710625 0.142361 0.126250
3 0.638889 0.609375 0.170139 0.086250
1 0.489583 0.391250 0.215278 0.075000
2 0.811632 0.063125 0.223958 0.126250
2 0.612847 0.060000 0.114583 0.120000
0 0.532986 0.323125 0.093750 0.113750
2 0.523438 0.856250 0.078125 0.087500
0 0.635417 0.320000 0.055556 0.097500
2 0.499132 0.764375 0.046875 0.083750
2 0.802951 0.808750 0.105903 0.077500
2 0.688368 0.903750 0.105903 0.072500
