2 0.541667 0.526250 0.357639 0.230000
3 0.282118 0.522500 0.175347 0.140000
0 0.242188 0.358750 0.175347 0.130000
2 0.841146 0.679375 0.164931 0.121250
2 0.636285 0.710000 0.116319 0.127500
3 0.651910 0.608125 0.168403 0.088750
1 0.451389 0.400000 0.173611 0.085000
2 0.529514 0.810625 0.069444 0.158750
2 0.769965 0.123750 0.126736 0.092500
2 0.629340 0.068750 0.137153 0.137500
0 0.533854 0.323750 0.092014 0.112500
2 0.889757 0.035000 0.140625 0.070000
2 0.816840 0.798750 0.102431 0.097500
2 0.705729 0.901250 0.119792 0.082500
0 0.634549 0.329375 0.053819 0.076250
2 0.502604 0.108750 0.064236 0.052500
1 0.235243 0.431875 0.071181 0.051250
