1 0.289871 0.479911 0.351293 0.403274
0 0.441810 0.313244 0.297414 0.203869
2 0.599138 0.918155 0.306034 0.119048
2 0.559267 0.092262 0.428879 0.101190
2 0.889009 0.780506 0.221983 0.141369
2 0.836207 0.240327 0.193966 0.043155
1 0.413793 0.717262 0.116379 0.059524
2 0.252155 0.205357 0.086207 0.136905
2 0.585129 0.305060 0.101293 0.050595
3 0.434267 0.764137 0.187500 0.052083
2 0.320043 0.758185 0.058190 0.105655
3 0.330819 0.686756 0.092672 0.055060
2 0.880388 0.118304 0.135776 0.028274
2 0.560345 0.819196 0.086207 0.069940
