1 0.392241 0.462798 0.181034 0.169643
0 0.727371 0.500744 0.187500 0.150298
1 0.548491 0.564732 0.234914 0.153274
2 0.695043 0.784970 0.252155 0.129464
2 0.728448 0.168899 0.120690 0.072917
3 0.506466 0.450149 0.129310 0.123512
2 0.607759 0.044643 0.146552 0.056548
2 0.603448 0.263393 0.064655 0.154762
1 0.633621 0.516369 0.086207 0.068452
2 0.964440 0.675595 0.071121 0.083333
2 0.460129 0.281994 0.075431 0.081845
2 0.591595 0.453125 0.084052 0.049107
3 0.686422 0.593006 0.088362 0.055060
2 0.490302 0.180804 0.105603 0.043155
