2 0.243056 0.569853 0.486111 0.257353
1 0.597222 0.467525 0.263889 0.153186
0 0.689236 0.496324 0.239583 0.220588
0 0.211806 0.442402 0.250000 0.107843
2 0.785590 0.765319 0.428819 0.082108
2 0.459201 0.875613 0.272569 0.113971
0 0.532118 0.343137 0.196181 0.105392
2 0.249132 0.805760 0.140625 0.133578
0 0.369792 0.645833 0.159722 0.068627
2 0.355903 0.121324 0.072917 0.129902
3 0.442708 0.458333 0.104167 0.075980
3 0.504340 0.545956 0.071181 0.050245
2 0.358507 0.734069 0.074653 0.031863
0 0.245660 0.674632 0.057292 0.033088
