1 0.168103 0.531994 0.336207 0.430060
0 0.341595 0.386161 0.390086 0.260417
2 0.563578 0.942708 0.286638 0.114583
2 0.616379 0.235863 0.284483 0.177083
2 0.900862 0.750744 0.198276 0.093750
2 0.853448 0.873512 0.293103 0.127976
3 0.372845 0.592262 0.159483 0.142857
2 0.198276 0.211310 0.099138 0.148810
2 0.438578 0.726935 0.088362 0.078869
2 0.728448 0.728423 0.116379 0.084821
2 0.542026 0.400298 0.122845 0.056548
2 0.886853 0.209821 0.226293 0.065476
3 0.285560 0.781994 0.157328 0.153274
1 0.345905 0.787202 0.092672 0.056548
3 0.372845 0.729167 0.099138 0.136905
2 0.245690 0.796875 0.064655 0.102679
