0 0.329741 0.395833 0.508621 0.372024
1 0.189655 0.523810 0.353448 0.410714
2 0.667026 0.174107 0.665948 0.291667
2 0.517241 0.896577 0.310345 0.135417
2 0.673491 0.239583 0.325431 0.122024
2 0.844828 0.690476 0.310345 0.113095
3 0.404095 0.651042 0.170259 0.141369
2 0.885776 0.821429 0.228448 0.116071
2 0.646552 0.462798 0.129310 0.068452
2 0.151940 0.189732 0.084052 0.132440
2 0.476293 0.708333 0.107759 0.059524
2 0.272629 0.758185 0.122845 0.138393
1 0.379310 0.744792 0.068966 0.049107
3 0.302802 0.734375 0.084052 0.072917
