2 0.497396 0.523125 0.366319 0.241250
2 0.664931 0.836875 0.385417 0.238750
2 0.828993 0.128750 0.342014 0.257500
0 0.180556 0.373125 0.180556 0.133750
3 0.237847 0.532500 0.177083 0.140000
1 0.343750 0.416875 0.354167 0.106250
2 0.809896 0.661875 0.175347 0.126250
2 0.611111 0.705000 0.125000 0.127500
3 0.613715 0.603125 0.171875 0.093750
0 0.471354 0.322500 0.102431 0.117500
2 0.672743 0.046250 0.123264 0.092500
2 0.497396 0.095625 0.085069 0.051250
2 0.938368 0.770625 0.123264 0.041250
0 0.575521 0.331250 0.050347 0.062500
2 0.383681 0.197500 0.041667 0.055000
