2 0.520833 0.531250 0.593750 0.295343
2 0.605903 0.948529 0.357639 0.102941
0 0.330729 0.438113 0.251736 0.101716
2 0.934028 0.098039 0.131944 0.196078
1 0.929688 0.495098 0.140625 0.161765
0 0.886285 0.620098 0.227431 0.095588
2 0.580729 0.127451 0.286458 0.254902
0 0.776042 0.370711 0.194444 0.091912
0 0.335069 0.717525 0.107639 0.072304
2 0.911458 0.779412 0.177083 0.058824
2 0.448785 0.747549 0.102431 0.056373
3 0.813368 0.450980 0.095486 0.066176
2 0.374132 0.889706 0.074653 0.117647
3 0.847222 0.542279 0.062500 0.064951
2 0.959201 0.411765 0.081597 0.039216
