2 0.447049 0.360000 0.307292 0.280000
2 0.131076 0.328750 0.262153 0.255000
2 0.546007 0.645625 0.230903 0.261250
0 0.633681 0.218750 0.187500 0.117500
0 0.755208 0.398125 0.156250 0.136250
3 0.270833 0.346250 0.142361 0.152500
3 0.559028 0.481875 0.177083 0.141250
1 0.659722 0.406250 0.121528 0.157500
1 0.561632 0.273750 0.137153 0.135000
2 0.727431 0.572500 0.104167 0.085000
2 0.713542 0.059375 0.125000 0.043750
2 0.872396 0.585000 0.140625 0.030000
2 0.921007 0.244375 0.043403 0.088750
2 0.869792 0.426875 0.069444 0.038750
