2 0.598090 0.452819 0.276042 0.275735
2 0.844618 0.563113 0.244792 0.243873
0 0.331597 0.525735 0.173611 0.125000
3 0.533854 0.283088 0.182292 0.144608
3 0.738715 0.506127 0.102431 0.120098
3 0.951389 0.496324 0.097222 0.117647
2 0.710938 0.061275 0.265625 0.122549
2 0.308160 0.075368 0.175347 0.150735
2 0.677083 0.775123 0.253472 0.133578
0 0.283854 0.268382 0.109375 0.125000
1 0.407118 0.477941 0.092014 0.102941
2 0.883681 0.735294 0.208333 0.071078
2 0.578125 0.629289 0.069444 0.072304
1 0.427083 0.542892 0.062500 0.061275
2 0.640625 0.257966 0.041667 0.060049
