2 0.505208 0.500613 0.260417 0.285539
0 0.275174 0.567402 0.119792 0.129902
0 0.284722 0.302696 0.118056 0.127451
1 0.441840 0.301471 0.199653 0.132353
2 0.644097 0.784314 0.218750 0.071078
2 0.317708 0.083333 0.055556 0.166667
2 0.549479 0.064338 0.137153 0.128676
2 0.589410 0.265931 0.105903 0.058824
2 0.938368 0.642157 0.123264 0.071078
3 0.432292 0.337623 0.093750 0.052696
3 0.534722 0.337623 0.059028 0.047794
0 0.584201 0.330882 0.039931 0.061275
2 0.671875 0.293505 0.052083 0.050245
2 0.800347 0.762868 0.062500 0.057598
