2 0.427951 0.503676 0.345486 0.254902
2 0.626736 0.658701 0.204861 0.256127
3 0.423611 0.319853 0.229167 0.122549
0 0.115451 0.521446 0.175347 0.126225
3 0.519097 0.587010 0.128472 0.125000
3 0.778646 0.580270 0.182292 0.064951
1 0.234375 0.511642 0.100694 0.150735
2 0.947049 0.565564 0.105903 0.074755
2 0.909722 0.687500 0.118056 0.053922
2 0.379340 0.128064 0.133681 0.069853
1 0.275174 0.319853 0.095486 0.115196
0 0.203125 0.335172 0.083333 0.030637
2 0.769097 0.083946 0.111111 0.060049
2 0.730035 0.474877 0.064236 0.030637
