2 0.493924 0.465074 0.321181 0.253676
3 0.866319 0.542892 0.190972 0.127451
0 0.189236 0.506127 0.177083 0.120098
3 0.460938 0.277574 0.213542 0.121324
2 0.644097 0.090686 0.364583 0.181373
2 0.681424 0.751225 0.307292 0.178922
3 0.601562 0.533701 0.112847 0.121324
2 0.717882 0.662990 0.157986 0.127451
2 0.711806 0.522059 0.121528 0.093137
1 0.294271 0.472426 0.095486 0.185049
0 0.211806 0.261029 0.170139 0.122549
1 0.319444 0.281863 0.093750 0.117647
2 0.901910 0.701593 0.112847 0.089461
2 0.387153 0.060049 0.086806 0.075980
2 0.598958 0.280025 0.052083 0.052696
