2 0.223090 0.575368 0.428819 0.231618
0 0.677083 0.503064 0.267361 0.229167
1 0.546007 0.487745 0.279514 0.161765
0 0.277778 0.439338 0.239583 0.104167
2 0.835938 0.740196 0.328125 0.078431
0 0.505208 0.359681 0.170139 0.089461
0 0.420139 0.628064 0.180556 0.082108
2 0.474826 0.030025 0.171875 0.060049
2 0.355035 0.136642 0.057292 0.145833
2 0.548611 0.848652 0.097222 0.057598
3 0.447917 0.562500 0.072917 0.051471
3 0.394965 0.496936 0.060764 0.042892
2 0.367188 0.346201 0.067708 0.099265
2 0.380208 0.232230 0.038194 0.050245
