2 0.402778 0.515319 0.236111 0.297794
0 0.248264 0.574755 0.100694 0.129902
0 0.282986 0.308211 0.097222 0.126225
0 0.535590 0.592525 0.085069 0.126225
2 0.311632 0.092525 0.067708 0.185049
1 0.418403 0.292892 0.184028 0.090686
0 0.572917 0.327819 0.079861 0.118873
2 0.644965 0.802696 0.185764 0.066176
2 0.531250 0.272672 0.100694 0.060049
2 0.488715 0.020221 0.095486 0.040441
3 0.477431 0.348039 0.076389 0.053922
2 0.663194 0.039216 0.059028 0.056373
2 0.934896 0.653186 0.130208 0.066176
2 0.703993 0.300858 0.057292 0.057598
2 0.718750 0.238358 0.065972 0.077206
2 0.779514 0.780025 0.059028 0.067402
3 0.376736 0.344363 0.069444 0.026961
