2 0.664062 0.512868 0.255208 0.278186
0 0.383681 0.595588 0.204861 0.137255
1 0.490451 0.549020 0.112847 0.196078
0 0.359375 0.316789 0.201389 0.133578
2 0.319444 0.074142 0.118056 0.148284
1 0.467882 0.340074 0.092014 0.180147
2 0.726562 0.784926 0.217014 0.091912
2 0.462674 0.041667 0.092014 0.083333
2 0.753472 0.259191 0.111111 0.087010
2 0.638889 0.034926 0.097222 0.069853
2 0.965278 0.664216 0.069444 0.083333
2 0.379340 0.325368 0.092014 0.050245
1 0.557292 0.310049 0.052083 0.061275
3 0.614583 0.340074 0.076389 0.045343
3 0.611111 0.271446 0.055556 0.050245
