2 0.649306 0.513480 0.263889 0.279412
0 0.361111 0.592525 0.204861 0.138480
1 0.466146 0.531250 0.109375 0.234069
0 0.339410 0.314338 0.203125 0.133578
2 0.296007 0.075368 0.102431 0.150735
1 0.460938 0.326593 0.092014 0.140931
2 0.711806 0.754289 0.232639 0.099265
2 0.427083 0.047181 0.125000 0.094363
2 0.631944 0.034926 0.111111 0.069853
2 0.727431 0.256127 0.114583 0.088235
2 0.368056 0.321691 0.090278 0.060049
3 0.596354 0.270833 0.053819 0.049020
2 0.960938 0.634804 0.078125 0.056373
3 0.568576 0.338235 0.067708 0.046569
2 0.763889 0.221814 0.055556 0.056373
