2 0.335938 0.509191 0.282986 0.302696
0 0.487847 0.597426 0.121528 0.133578
2 0.378472 0.093137 0.152778 0.186275
2 0.626736 0.759804 0.319444 0.102941
0 0.564236 0.338235 0.104167 0.122549
1 0.402778 0.288603 0.184028 0.089461
0 0.276910 0.299632 0.085069 0.121324
0 0.190104 0.556985 0.067708 0.121324
2 0.506076 0.272672 0.102431 0.060049
2 0.693576 0.306985 0.078125 0.079657
2 0.918403 0.643382 0.149306 0.066176
2 0.731771 0.253676 0.060764 0.078431
2 0.698785 0.059436 0.071181 0.050245
2 0.729167 0.012255 0.072917 0.024510
3 0.338542 0.341912 0.069444 0.034314
