2 0.546007 0.526875 0.355903 0.213750
0 0.289931 0.326250 0.253472 0.127500
3 0.296875 0.501250 0.208333 0.132500
2 0.611979 0.715625 0.182292 0.128750
3 0.630208 0.615625 0.204861 0.081250
0 0.568576 0.326875 0.151042 0.106250
2 0.760417 0.819375 0.225694 0.143750
1 0.509549 0.380000 0.164931 0.065000
2 0.822917 0.693125 0.121528 0.108750
2 0.500000 0.798750 0.111111 0.182500
2 0.769097 0.105625 0.083333 0.133750
2 0.594618 0.095000 0.060764 0.070000
0 0.698785 0.315000 0.064236 0.117500
2 0.664062 0.915625 0.071181 0.038750
2 0.676215 0.319375 0.057292 0.048750
1 0.307292 0.401250 0.062500 0.037500
