2 0.358507 0.716250 0.460069 0.455000
0 0.226562 0.439375 0.272569 0.148750
0 0.546875 0.361250 0.243056 0.155000
3 0.619792 0.463750 0.197917 0.167500
3 0.346354 0.738125 0.185764 0.101250
2 0.937500 0.051250 0.125000 0.102500
1 0.373264 0.471250 0.114583 0.087500
2 0.695312 0.745625 0.123264 0.066250
1 0.230903 0.516875 0.114583 0.053750
2 0.769965 0.616875 0.123264 0.063750
1 0.480903 0.445000 0.076389 0.070000
1 0.606771 0.413125 0.098958 0.051250
2 0.614583 0.080625 0.093750 0.066250
1 0.317708 0.465000 0.052083 0.042500
