2 0.462674 0.515000 0.432292 0.242500
2 0.359375 0.778125 0.409722 0.236250
0 0.279514 0.325625 0.215278 0.161250
3 0.726562 0.432500 0.210069 0.165000
2 0.589410 0.906250 0.227431 0.097500
3 0.395833 0.663125 0.173611 0.111250
0 0.617188 0.262500 0.119792 0.135000
1 0.330729 0.393750 0.175347 0.097500
0 0.730035 0.252500 0.088542 0.117500
2 0.782986 0.756875 0.128472 0.071250
1 0.600694 0.336250 0.118056 0.070000
1 0.720486 0.328125 0.072917 0.033750
2 0.683160 0.241250 0.060764 0.050000
2 0.874132 0.023750 0.064236 0.047500
1 0.493056 0.351250 0.041667 0.037500
