2 0.331597 0.577819 0.579861 0.275735
2 0.498264 0.936275 0.329861 0.127451
1 0.738715 0.484681 0.220486 0.182598
0 0.217882 0.453431 0.258681 0.110294
0 0.667535 0.360907 0.227431 0.111520
0 0.778646 0.612745 0.234375 0.098039
2 0.453993 0.079657 0.144097 0.159314
2 0.315104 0.754289 0.109375 0.060049
2 0.944444 0.795343 0.111111 0.046569
3 0.611979 0.466299 0.116319 0.072304
2 0.776910 0.769608 0.151042 0.051471
0 0.231771 0.721814 0.078125 0.049020
2 0.493056 0.389093 0.052083 0.047794
2 0.296875 0.842525 0.055556 0.082108
