2 0.669271 0.574755 0.262153 0.296569
1 0.494792 0.511029 0.159722 0.414216
0 0.344618 0.384804 0.223958 0.149510
0 0.400174 0.682598 0.223958 0.154412
2 0.789931 0.840074 0.336806 0.077206
2 0.326389 0.066176 0.131944 0.132353
2 0.710069 0.272672 0.107639 0.131127
2 0.518229 0.936275 0.175347 0.083333
2 0.315104 0.273897 0.098958 0.047794
2 0.686632 0.015319 0.116319 0.030637
2 0.260417 0.161765 0.034722 0.073529
2 0.624132 0.946078 0.057292 0.051471
2 0.677951 0.053309 0.060764 0.045343
2 0.534722 0.759191 0.069444 0.040441
2 0.463542 0.016544 0.093750 0.033088
