2 0.505208 0.460784 0.315972 0.257353
3 0.881076 0.541667 0.182292 0.125000
0 0.198785 0.508578 0.175347 0.122549
3 0.473090 0.277574 0.199653 0.121324
2 0.647569 0.068015 0.364583 0.136029
3 0.619792 0.531863 0.111111 0.122549
2 0.690104 0.753676 0.303819 0.159314
2 0.730903 0.662377 0.145833 0.126225
2 0.730035 0.526348 0.123264 0.101716
1 0.301215 0.500000 0.092014 0.122549
0 0.169271 0.260417 0.067708 0.121324
2 0.911458 0.702819 0.086806 0.067402
1 0.351562 0.263480 0.043403 0.058824
2 0.599826 0.281250 0.053819 0.047794
0 0.276042 0.303922 0.062500 0.034314
