0 0.324353 0.398065 0.424569 0.311012
1 0.170259 0.541667 0.340517 0.434524
2 0.530172 0.103423 0.439655 0.072917
3 0.373922 0.642857 0.213362 0.190476
2 0.523707 0.927083 0.301724 0.127976
2 0.610991 0.238839 0.342672 0.144345
2 0.903017 0.745536 0.193966 0.139881
2 0.809267 0.866071 0.178879 0.130952
2 0.466595 0.734375 0.131466 0.075893
2 0.885776 0.133185 0.228448 0.084821
2 0.560345 0.432292 0.133621 0.063988
2 0.151940 0.220238 0.079741 0.125000
2 0.740302 0.700149 0.109914 0.063988
2 0.896552 0.245536 0.206897 0.071429
2 0.276940 0.813244 0.118534 0.141369
1 0.354526 0.790179 0.075431 0.062500
