2 0.556424 0.519375 0.345486 0.221250
3 0.296007 0.508125 0.178819 0.133750
0 0.277778 0.341875 0.177083 0.128750
2 0.642361 0.704375 0.159722 0.126250
2 0.839410 0.678750 0.151042 0.122500
3 0.650174 0.605000 0.182292 0.085000
2 0.753472 0.836875 0.229167 0.208750
1 0.492188 0.385625 0.154514 0.078750
0 0.546007 0.321250 0.133681 0.110000
2 0.776910 0.095000 0.102431 0.125000
2 0.609375 0.060625 0.086806 0.121250
2 0.526910 0.838750 0.078125 0.087500
0 0.670139 0.310000 0.059028 0.110000
2 0.501736 0.746875 0.041667 0.081250
1 0.256076 0.410000 0.088542 0.042500
