2 0.651042 0.512868 0.256944 0.283088
0 0.366319 0.593750 0.201389 0.138480
1 0.474826 0.544118 0.105903 0.205882
0 0.344618 0.313725 0.203125 0.134804
2 0.295139 0.073529 0.104167 0.147059
1 0.460938 0.316789 0.085069 0.140931
2 0.738715 0.235907 0.123264 0.101716
2 0.710069 0.781863 0.190972 0.073529
2 0.427951 0.041054 0.112847 0.082108
2 0.614583 0.030637 0.083333 0.061275
2 0.365451 0.322917 0.098958 0.055147
3 0.603299 0.268995 0.067708 0.050245
1 0.539062 0.295343 0.046875 0.090686
3 0.586806 0.337010 0.069444 0.046569
2 0.954861 0.653186 0.090278 0.051471
