0 0.580819 0.601935 0.394397 0.236607
2 0.653017 0.337054 0.573276 0.355655
2 0.450431 0.250744 0.387931 0.245536
2 0.448276 0.333333 0.379310 0.285714
2 0.876078 0.864583 0.247845 0.104167
2 0.846983 0.672619 0.137931 0.142857
2 0.565733 0.769345 0.118534 0.071429
2 0.915948 0.795387 0.107759 0.058036
2 0.241379 0.216518 0.086207 0.084821
3 0.424569 0.674851 0.099138 0.061012
2 0.378233 0.593750 0.105603 0.056548
2 0.320043 0.107887 0.157328 0.075893
2 0.773707 0.746280 0.090517 0.072917
2 0.689655 0.165923 0.103448 0.046131
