0 0.331597 0.608125 0.357639 0.218750
0 0.526042 0.373750 0.309028 0.237500
2 0.594618 0.843750 0.366319 0.172500
1 0.458333 0.704375 0.246528 0.158750
2 0.534722 0.135000 0.222222 0.270000
1 0.627604 0.483750 0.171875 0.092500
1 0.729167 0.435000 0.111111 0.100000
2 0.901910 0.710000 0.196181 0.070000
1 0.497396 0.530000 0.088542 0.095000
2 0.698785 0.334375 0.085069 0.058750
2 0.645833 0.095000 0.055556 0.057500
0 0.696181 0.373750 0.076389 0.042500
2 0.848958 0.255000 0.052083 0.052500
1 0.650174 0.551875 0.081597 0.043750
