2 0.414062 0.505625 0.387153 0.263750
2 0.761285 0.670625 0.189236 0.241250
2 0.798611 0.131875 0.402778 0.173750
3 0.155382 0.536250 0.196181 0.155000
0 0.085069 0.378125 0.170139 0.146250
2 0.558160 0.796875 0.293403 0.256250
1 0.219618 0.411250 0.345486 0.127500
2 0.554688 0.675625 0.116319 0.133750
3 0.547743 0.573750 0.175347 0.107500
0 0.353299 0.294375 0.116319 0.133750
2 0.673611 0.038125 0.125000 0.076250
2 0.450521 0.083750 0.168403 0.077500
2 0.893229 0.741250 0.116319 0.040000
2 0.693576 0.256875 0.060764 0.053750
2 0.543403 0.121250 0.072917 0.037500
