1 0.176724 0.509673 0.353448 0.427083
0 0.357759 0.357143 0.366379 0.226190
2 0.553879 0.926339 0.301724 0.147321
2 0.904095 0.733631 0.191810 0.074405
2 0.858836 0.838542 0.282328 0.126488
2 0.216595 0.194196 0.105603 0.153274
2 0.537716 0.354167 0.114224 0.059524
2 0.740302 0.736607 0.114224 0.071429
1 0.354526 0.756696 0.109914 0.061012
2 0.860991 0.175595 0.217672 0.059524
2 0.445043 0.691964 0.075431 0.074405
2 0.577586 0.174851 0.094828 0.052083
3 0.380388 0.809524 0.157328 0.047619
3 0.381466 0.703869 0.090517 0.110119
2 0.262931 0.781250 0.064655 0.098214
2 0.697198 0.145833 0.101293 0.041667
