2 0.373264 0.517770 0.298611 0.302696
2 0.592014 0.750613 0.284722 0.116422
2 0.434896 0.102328 0.140625 0.204657
0 0.606771 0.368260 0.102431 0.121324
0 0.332465 0.312500 0.102431 0.117647
1 0.452257 0.310662 0.168403 0.084559
0 0.218750 0.563113 0.093750 0.121324
2 0.741319 0.322917 0.114583 0.128676
0 0.486979 0.635417 0.105903 0.094363
2 0.861111 0.636029 0.243056 0.066176
2 0.563368 0.302083 0.098958 0.055147
2 0.800347 0.026348 0.104167 0.052696
2 0.598958 0.033088 0.107639 0.066176
2 0.756076 0.088235 0.067708 0.051471
