2 0.348090 0.486875 0.394097 0.283750
3 0.100694 0.536875 0.201389 0.168750
2 0.708333 0.570000 0.225694 0.157500
2 0.507812 0.771875 0.321181 0.246250
2 0.765625 0.130625 0.406250 0.166250
1 0.147569 0.405000 0.295139 0.160000
2 0.729167 0.711875 0.180556 0.113750
3 0.503472 0.536875 0.187500 0.116250
0 0.264757 0.262500 0.147569 0.152500
2 0.518229 0.643125 0.133681 0.131250
2 0.558160 0.066250 0.199653 0.132500
0 0.043403 0.366250 0.086806 0.125000
2 0.333333 0.080000 0.159722 0.100000
2 0.618056 0.250625 0.076389 0.056250
2 0.273438 0.163125 0.057292 0.048750
