2 0.407118 0.579044 0.598958 0.270833
1 0.823785 0.501838 0.227431 0.202206
2 0.509549 0.899510 0.421875 0.200980
0 0.269097 0.454044 0.256944 0.111520
0 0.750000 0.373162 0.246528 0.106618
0 0.840278 0.630515 0.243056 0.094363
2 0.526910 0.121936 0.258681 0.243873
2 0.891493 0.791054 0.217014 0.077206
2 0.375000 0.762255 0.100694 0.056373
0 0.275174 0.731005 0.085069 0.055147
2 0.883681 0.137868 0.093750 0.113971
3 0.674479 0.471201 0.081597 0.067402
2 0.547743 0.400735 0.060764 0.051471
0 0.378472 0.705270 0.090278 0.037990
